23
323
2432
2423
22
234
24
2
2
32
3
23
24
0
53
5
35
235
25
234
32
3
3
4
5
6
7
34
5
6
65
6
6
67
7
7
7
653
2
2
2
2
3
4
5
5
3
24
23
23
23
323
2432
2423
22
234
24
2
2
32
3
23
24
0
53
5
35
235
25
234
32
3
3
4
5
6
7
34
5
6
65
6
6
67
7
7
7
653
2
2
2
2
3
4
5
5
3
24
23
23
23
323
2432
2423
22
234
24
2
2
32
3
23
24
0
53
5
35
235
25
234
32
3
3
4
5
6
7
34
5
6
65
6
6
67
7
7
7
653
2
2
2
2
3
4
5
5
3
24
23
23
23
323
2432
2423
22
234
24
2
2
32
3
23
24
0
53
5
35
235
25
234
32
3
3
4
5
6
7
34
5
6
65
6
6
67
7
7
7
653
2
2
2
2
3
4
5
5
3
24
23
23
23
323
2432
2423
22
234
24
2
2
32
3
23
24
0
53
5
35
235
25
234
32
3
3
4
5
6
7
34
5
6
65
6
6
67
7
7
7
653
2
2
2
2
3
4
5
5
3
24
23
23
23
323
2432
2423
22
234
24
2
2
32
3
23
24
0
53
5
35
235
25
234
32
3
3
4
5
6
7
34
5
6
65
6
6
67
7
7
7
653
2
2
2
2
3
4
5
5
3
24
23
23
23
323
2432
2423
22
234
24
2
2
32
3
23
24
0
53
5
35
235
25
234
32
3
3
4
5
6
7
34
5
6
65
6
6
67
7
7
7
653
2
2
2
2
3
4
5
5
3
24
23
23
23
323
2432
2423
22
234
24
2
2
32
3
23
24
0
53
5
35
235
25
234
32
3
3
4
5
6
7
34
5
6
65
6
6
67
7
7
7
653
2
2
2
2
3
4
5
5
3
24
23
23
23
323
2432
2423
22
234
24
2
2
32
3
23
24
0
53
5
35
235
25
234
32
3
3
4
5
6
7
34
5
6
65
6
6
67
7
7
7
653
2
2
2
2
3
4
5
5
3
24
23
23

23
323
2432
2423
22
234
24
2
2
32
3
23
24
0
53
5
35
235
25
234
32
3
3
4
5
6
7
34
5
6
65
6
6
67
7
7
7
653
2
2
2
2
3
4
5
5
3
24
23
23
23
323
2432
2423
22
234
24
2
2